TC 1 (solved grid)
974236158
638591742
125487936
316754289
742918563
589362417
867125394
253649871
491873625

Solution 1
974236158
638591742
125487936
316754289
742918563
589362417
867125394
253649871
491873625

TC 2 (empty grid)
000000000
000000000
000000000
000000000
000000000
000000000
000000000
000000000
000000000

Solution 2
123456789
456789123
789123456
214365897
365897214
897214365
531642978
642978531
978531642

TC 3
450000000
002070630
000000028
000950000
086000200
020600750
000000476
070045000
008009000

Solution 3
453826197
892571634
167493528
714952863
586137249
329684751
935218476
671345982
248769315

TC 4
800000000
003600000
070090200
050007000
000045700
000100030
001000068
008500010
090000400

Solution 4
812753649
943682175
675491283
154237896
369845721
287169534
521974368
438526917
796318452

TC 5
120400300
300010050
006000100
700090000
040603000
003002000
500080700
007000005
000000098

Solution 5
128465379
374219856
956837142
765198423
249673581
813542967
592386714
487921635
631754298